
strategic_region={
	id=81
	name="STRATEGICREGION_81"
	provinces={
		190 670 1129 2304 2420 2712 3068 3111 3160 3466 3474 3555 3556 4142 4241 4769 5450 5685 6051 6442 6459 7867 8228 8308 8546 8682 9004 9050 9211 9261 9469 9645 14752 14758 14763 14792 14799 14807 14811 14814 14829 14830 14835 14854 14885 14889 14915 14925 14943 14947 14957 14959 14991 15054 15077 15100 15108 15117 15146 15175 15191 19747 19748 19749 19753 19784 19787 19788 19789 19790 19791 19792 20514 20515 20516 20520 21707 
	}
	weather={
	}
}
